0 0 0
-3.14159 2
-3.13159 2.0001
-3.12159 2.0004
-3.11159 2.0009
-3.10159 2.0016
-3.09159 2.0025
-3.08159 2.00361
-3.07159 2.00491
-3.06159 2.00642
-3.05159 2.00813
-3.04159 2.01004
-3.03159 2.01216
-3.02159 2.01449
-3.01159 2.01702
-3.00159 2.01976
-2.99159 2.02271
-2.98159 2.02588
-2.97159 2.02925
-2.96159 2.03284
-2.95159 2.03665
-2.94159 2.04068
-2.93159 2.04493
-2.92159 2.0494
-2.91159 2.05409
-2.90159 2.05902
-2.89159 2.06417
-2.88159 2.06956
-2.87159 2.07518
-2.86159 2.08105
-2.85159 2.08715
-2.84159 2.0935
-2.83159 2.1001
-2.82159 2.10696
-2.81159 2.11407
-2.80159 2.12144
-2.79159 2.12908
-2.78159 2.13699
-2.77159 2.14517
-2.76159 2.15363
-2.75159 2.16237
-2.74159 2.17141
-2.73159 2.18074
-2.72159 2.19037
-2.71159 2.2003
-2.70159 2.21055
-2.69159 2.22112
-2.68159 2.23201
-2.67159 2.24324
-2.66159 2.2548
-2.65159 2.26672
-2.64159 2.27899
-2.63159 2.29162
-2.62159 2.30463
-2.61159 2.31802
-2.60159 2.33179
-2.59159 2.34597
-2.58159 2.36056
-2.57159 2.37558
-2.56159 2.39102
-2.55159 2.40691
-2.54159 2.42326
-2.53159 2.44007
-2.52159 2.45737
-2.51159 2.47516
-2.50159 2.49347
-2.49159 2.5123
-2.48159 2.53167
-2.47159 2.5516
-2.46159 2.57211
-2.45159 2.59321
-2.44159 2.61492
-2.43159 2.63726
-2.42159 2.66026
-2.41159 2.68394
-2.40159 2.70831
-2.39159 2.7334
-2.38159 2.75924
-2.37159 2.78586
-2.36159 2.81328
-2.35159 10
-2.34159 10
-2.33159 10
-2.32159 10
-2.31159 10
-2.30159 10
-2.29159 10
-2.28159 10
-2.27159 10
-2.26159 10
-2.25159 10
-2.24159 10
-2.23159 10
-2.22159 10
-2.21159 10
-2.20159 10
-2.19159 10
-2.18159 10
-2.17159 10
-2.16159 10
-2.15159 10
-2.14159 10
-2.13159 10
-2.12159 10
-2.11159 10
-2.10159 10
-2.09159 10
-2.08159 10
-2.07159 10
-2.06159 10
-2.05159 10
-2.04159 10
-2.03159 10
-2.02159 10
-2.01159 10
-2.00159 10
-1.99159 10
-1.98159 10
-1.97159 10
-1.96159 10
-1.95159 10
-1.94159 10
-1.93159 10
-1.92159 10
-1.91159 10
-1.90159 10
-1.89159 10
-1.88159 10
-1.87159 10
-1.86159 10
-1.85159 10
-1.84159 10
-1.83159 10
-1.82159 10
-1.81159 10
-1.80159 10
-1.79159 10
-1.78159 10
-1.77159 10
-1.76159 10
-1.75159 10
-1.74159 10
-1.73159 10
-1.72159 10
-1.71159 10
-1.70159 10
-1.69159 10
-1.68159 10
-1.67159 10
-1.66159 10
-1.65159 10
-1.64159 10
-1.63159 10
-1.62159 10
-1.61159 10
-1.60159 10
-1.59159 10
-1.58159 10
-1.57159 10
-1.56159 10
-1.55159 10
-1.54159 10
-1.53159 10
-1.52159 10
-1.51159 10
-1.50159 10
-1.49159 10
-1.48159 10
-1.47159 10
-1.46159 10
-1.45159 10
-1.44159 10
-1.43159 10
-1.42159 10
-1.41159 10
-1.40159 10
-1.39159 10
-1.38159 10
-1.37159 10
-1.36159 10
-1.35159 10
-1.34159 10
-1.33159 10
-1.32159 10
-1.31159 10
-1.30159 10
-1.29159 10
-1.28159 10
-1.27159 10
-1.26159 10
-1.25159 10
-1.24159 10
-1.23159 10
-1.22159 10
-1.21159 10
-1.20159 10
-1.19159 10
-1.18159 10
-1.17159 10
-1.16159 10
-1.15159 10
-1.14159 10
-1.13159 10
-1.12159 10
-1.11159 10
-1.10159 10
-1.09159 10
-1.08159 10
-1.07159 10
-1.06159 10
-1.05159 10
-1.04159 10
-1.03159 10
-1.02159 10
-1.01159 10
-1.00159 10
-0.991593 10
-0.981593 10
-0.971593 10
-0.961593 10
-0.951593 10
-0.941593 10
-0.931593 10
-0.921593 10
-0.911593 10
-0.901593 10
-0.891593 10
-0.881593 10
-0.871593 10
-0.861593 10
-0.851593 10
-0.841593 10
-0.831593 10
-0.821593 10
-0.811593 10
-0.801593 10
-0.791593 10
-0.781593 10
-0.771593 10
-0.761593 10
-0.751593 10
-0.741593 10
-0.731593 10
-0.721593 10
-0.711593 10
-0.701593 10
-0.691593 10
-0.681593 10
-0.671593 10
-0.661593 10
-0.651593 10
-0.641593 10
-0.631593 10
-0.621593 10
-0.611593 10
-0.601593 10
-0.591593 10
-0.581593 10
-0.571593 10
-0.561593 10
-0.551593 10
-0.541593 10
-0.531593 10
-0.521593 10
-0.511593 10
-0.501593 10
-0.491593 10
-0.481593 10
-0.471593 10
-0.461593 10
-0.451593 10
-0.441593 10
-0.431593 10
-0.421593 10
-0.411593 10
-0.401593 10
-0.391593 10
-0.381593 10
-0.371593 10
-0.361593 10
-0.351593 10
-0.341593 10
-0.331593 10
-0.321593 10
-0.311593 10
-0.301593 10
-0.291593 10
-0.281593 10
-0.271593 10
-0.261593 10
-0.251593 10
-0.241593 10
-0.231593 10
-0.221593 10
-0.211593 10
-0.201593 10
-0.191593 10
-0.181593 10
-0.171593 10
-0.161593 10
-0.151593 10
-0.141593 10
-0.131593 10
-0.121593 10
-0.111593 10
-0.101593 10
-0.0915927 10
-0.0815927 10
-0.0715927 10
-0.0615927 10
-0.0515927 10
-0.0415927 10
-0.0315927 10
-0.0215927 10
-0.0115927 10
-0.00159265 10
0.00840735 10
0.0184073 10
0.0284073 10
0.0384073 10
0.0484073 10
0.0584073 10
0.0684073 10
0.0784073 10
0.0884073 10
0.0984073 10
0.108407 10
0.118407 10
0.128407 10
0.138407 10
0.148407 10
0.158407 10
0.168407 10
0.178407 10
0.188407 10
0.198407 10
0.208407 10
0.218407 10
0.228407 10
0.238407 10
0.248407 10
0.258407 10
0.268407 10
0.278407 3.63868
0.288407 3.51586
0.298407 3.40138
0.308407 3.29444
0.318407 3.19433
0.328407 3.10043
0.338407 3.01218
0.348407 2.9291
0.358407 2.85076
0.368407 2.77677
0.378407 2.70679
0.388407 2.64051
0.398407 2.57765
0.408407 2.51795
0.418407 2.4612
0.428407 2.40719
0.438407 2.35572
0.448407 2.30664
0.458407 2.25978
0.468407 2.24143
0.478407 2.25294
0.488407 2.2648
0.498407 2.27701
0.508407 2.28958
0.518407 2.30253
0.528407 2.31586
0.538407 2.32957
0.548407 2.34369
0.558407 2.35821
0.568407 2.37316
0.578407 2.38853
0.588407 2.40435
0.598407 2.42062
0.608407 2.43736
0.618407 2.45458
0.628407 2.4723
0.638407 2.49052
0.648407 2.50926
0.658407 2.52855
0.668407 2.54839
0.678407 2.5688
0.688407 2.58981
0.698407 2.61142
0.708407 2.63366
0.718407 2.65655
0.728407 2.68012
0.738407 2.70438
0.748407 2.72936
0.758407 2.75508
0.768407 2.78157
0.778407 2.80886
0.788407 2.83698
0.798407 2.86595
0.808407 2.89582
0.818407 2.92661
0.828407 2.95836
0.838407 2.99111
0.848407 3.0249
0.858407 3.05977
0.868407 3.09577
0.878407 3.13294
0.888407 3.17134
0.898407 10
0.908407 10
0.918407 10
0.928407 10
0.938407 10
0.948407 10
0.958407 10
0.968407 10
0.978407 10
0.988407 10
0.998407 10
1.00841 10
1.01841 10
1.02841 10
1.03841 10
1.04841 10
1.05841 10
1.06841 10
1.07841 10
1.08841 10
1.09841 10
1.10841 10
1.11841 10
1.12841 10
1.13841 10
1.14841 10
1.15841 10
1.16841 10
1.17841 10
1.18841 10
1.19841 10
1.20841 10
1.21841 10
1.22841 10
1.23841 10
1.24841 10
1.25841 10
1.26841 10
1.27841 10
1.28841 10
1.29841 10
1.30841 10
1.31841 10
1.32841 10
1.33841 10
1.34841 10
1.35841 10
1.36841 10
1.37841 10
1.38841 10
1.39841 10
1.40841 10
1.41841 10
1.42841 10
1.43841 10
1.44841 10
1.45841 10
1.46841 10
1.47841 10
1.48841 10
1.49841 10
1.50841 10
1.51841 10
1.52841 10
1.53841 10
1.54841 10
1.55841 10
1.56841 10
1.57841 10
1.58841 10
1.59841 10
1.60841 10
1.61841 10
1.62841 10
1.63841 10
1.64841 10
1.65841 10
1.66841 10
1.67841 10
1.68841 10
1.69841 10
1.70841 10
1.71841 10
1.72841 10
1.73841 10
1.74841 10
1.75841 10
1.76841 10
1.77841 10
1.78841 10
1.79841 10
1.80841 10
1.81841 10
1.82841 10
1.83841 10
1.84841 10
1.85841 10
1.86841 10
1.87841 10
1.88841 10
1.89841 10
1.90841 10
1.91841 10
1.92841 10
1.93841 10
1.94841 10
1.95841 10
1.96841 10
1.97841 10
1.98841 10
1.99841 10
2.00841 10
2.01841 10
2.02841 10
2.03841 10
2.04841 10
2.05841 10
2.06841 10
2.07841 10
2.08841 10
2.09841 10
2.10841 10
2.11841 10
2.12841 10
2.13841 10
2.14841 10
2.15841 10
2.16841 10
2.17841 10
2.18841 10
2.19841 10
2.20841 10
2.21841 10
2.22841 10
2.23841 10
2.24841 10
2.25841 10
2.26841 10
2.27841 10
2.28841 10
2.29841 10
2.30841 10
2.31841 10
2.32841 10
2.33841 10
2.34841 10
2.35841 10
2.36841 10
2.37841 10
2.38841 10
2.39841 10
2.40841 10
2.41841 10
2.42841 10
2.43841 10
2.44841 10
2.45841 10
2.46841 10
2.47841 10
2.48841 10
2.49841 10
2.50841 10
2.51841 10
2.52841 10
2.53841 10
2.54841 10
2.55841 10
2.56841 10
2.57841 10
2.58841 10
2.59841 10
2.60841 10
2.61841 10
2.62841 10
2.63841 10
2.64841 10
2.65841 10
2.66841 10
2.67841 2.23555
2.68841 2.22455
2.69841 2.21388
2.70841 2.20353
2.71841 2.1935
2.72841 2.18377
2.73841 2.17435
2.74841 2.16522
2.75841 2.15638
2.76841 2.14783
2.77841 2.13956
2.78841 2.13157
2.79841 2.12385
2.80841 2.11639
2.81841 2.1092
2.82841 2.10226
2.83841 2.09558
2.84841 2.08915
2.85841 2.08296
2.86841 2.07702
2.87841 2.07132
2.88841 2.06586
2.89841 2.06063
2.90841 2.05564
2.91841 2.05087
2.92841 2.04632
2.93841 2.04201
2.94841 2.03791
2.95841 2.03403
2.96841 2.03037
2.97841 2.02693
2.98841 2.0237
2.99841 2.02068
3.00841 2.01787
3.01841 2.01527
3.02841 2.01288
3.03841 2.01069
3.04841 2.00872
3.05841 2.00694
3.06841 2.00537
3.07841 2.004
3.08841 2.00283
3.09841 2.00187
3.10841 2.0011
3.11841 2.00054
3.12841 2.00017
3.13841 2.00001
ENDSCAN
